10005
10007
10009
10011
10012
10013
10027
10028
10029
10030
10031
10032
10034
10036
10037
10043
10044
10045
10047
10049
10052
3003
3013
3014
3015
3087
3100
3102
3103
3119
3120
3124
3126
3127
3129
3130
3131
3132
3134
3136
3146
3147
3148
3149
3150
3151
3152
3153
3159
3160
3172
3176
3179
3180
3194
3204
3206
3213
3215
3216
3219
3221
3224
3228
3229
3232
3241
3243
3245
3252
3261
3263
3286
3291
3314
3322
3323
3325
3326
3328
3331
3345
3347
3348
3351
3354
3355
3357
3365
3366
3379
3382
3398
3408
3409
3413
3423
3424
3427
3437
3445
3447
3448
3451
3453
3460
3461
3466
3469
3476
3480
3481
3483
3485
3488
3489
3493
3508
3510
3514
3519
3520
3522
3523
3526
3529
3530
3533
3534
3536
3537
3541
3559
3566
3573
3575
3576
3585
3586
3587
3599
3603
3610
3611
3613
3622
3623
3624
3625
3626
3628
3629
3640
3649
3663
3668
3674
3676
3680
3682
3683
3684
3685
3686
3689
3690
3695
3696
3701
3702
3706
3708
3711
3712
3727
3728
3729
3730
3731
3732
3733
3734
3793
3800
3803
3808
3809
3811
3813
3814
3825
3826
3829
3830
3832
3833
3834
3838
3843
3869
3872
3873
3876
3877
3882
3883
3884
3885
3889
3892
3897
3900
3904
3905
3906
3907
3908
3909
3910
3912
3913
3914
3915
3918
3920
3922
3926
3927
3931
3932
3933
3934
3942
3946
3949
3955
3956
3958
3960
3962
3964
3966
3970
3971
3977
3979
3986
3994
4081
4084
4085
4089
4097
4098
4100
4114
4116
4117
4120
4123
4125
4133
4154
4155
4158
4162
4163
4164
4165
4167
4168
4169
4170
4171
4172
4183
4266
4282
4283
4285
4286
4321
8117
8463
8572
8704
8705
8714
8720
8724
8730
8731
8732
8743
8750
8758
8760
8762
8768
8780
8783
8800
8805
8808
8821
8822
8827
8839
8847
8862
8863
8867
8872
8874
8875
8877
8878
8880
8885
8886
8890
8904
8910
8914
8920
8921
8932
8933
8938
8942
8943
8945
8955
8956
8963
8964
8978
8992
8994
9004
9008
9077
9081
9087
9094
9095
9097
9098
9101
9103
9104
9143
9187
9190
9192
9194
9198
9201
9207
9213
9220
9248
9250
9251
9252
9253
9254
9285
9379
9424
9465
9470
9471
9473
9501
9525
9553
9556
9574
9585
9586
9590
9591
9594
9595
9597
9696
9699
9701
9705
9767
9771
9786
9817
9846
9855
9859
9868
9912
9915
9946
9968
9970
9971
9972
9986
9989
M3982
P5267
P5276
P5283
P5365
RW3072
T3514
T3581
T3656
U1036
U1037
U1039
U1064
U1071
U1074
U1089
U1098
U1122
U1159
U1160
U1161
U1162
U1169
U1175
U1176
U1217
U1218
U1227
U4094
U7075
U8759
